# This file may be used to create an environment using:
# $ conda create --name <env> --file <this file>
# platform: linux-64
_libgcc_mutex=0.1=main
blas=1.0=mkl
bzip2=1.0.8=h516909a_3
ca-certificates=2020.6.20=hecda079_0
certifi=2020.6.20=py38h32f6830_0
chumpy=0.70=pypi_0
cudatoolkit=10.1.243=h6bb024c_0
cycler=0.10.0=pypi_0
cython=0.29.21=pypi_0
dataclasses=0.6=pypi_0
ffmpeg=3.4.1=0
freetype=2.10.2=h5ab3b9f_0
future=0.18.2=pypi_0
fvcore=0.1.2.post20200929=pypi_0
gcc-7=7.1.0=0
gmp=6.1.0=1
imageio=2.9.0=pypi_0
intel-openmp=2020.2=254
isl=0.17.1=0
jpeg=9b=h024ee3a_2
kiwisolver=1.2.0=pypi_0
lcms2=2.11=h396b838_0
ld_impl_linux-64=2.33.1=h53a641e_7
libedit=3.1.20191231=h14c3975_1
libffi=3.3=he6710b0_2
libgcc-ng=9.1.0=hdf63c60_0
libiconv=1.15=h63c8f33_5
libpng=1.6.37=hbc83047_0
libstdcxx-ng=9.1.0=hdf63c60_0
libtiff=4.1.0=h2733197_1
lz4-c=1.9.2=he6710b0_1
matplotlib=3.3.2=pypi_0
mkl=2020.2=256
mkl-service=2.3.0=py38he904b0f_0
mkl_fft=1.2.0=py38h23d657b_0
mkl_random=1.1.1=py38h0573a6f_0
mpc=1.0.3=hf803216_4
mpfr=3.1.5=h12ff648_1
ncurses=6.2=he6710b0_1
nibabel=3.1.1=pypi_0
ninja=1.10.1=py38hfd86e86_0
numpy=1.19.1=py38hbc911f0_0
numpy-base=1.19.1=py38hfa32c7d_0
olefile=0.46=py_0
opencv-contrib-python=4.4.0.44=pypi_0
openssl=1.1.1h=h516909a_0
packaging=20.4=pypi_0
pillow=7.2.0=py38hb39fc2d_0
pip=20.2.2=py38_0
portalocker=2.0.0=pypi_0
pycocotools=2.0=pypi_0
pyparsing=2.4.7=pypi_0
python=3.8.5=h7579374_1
python-dateutil=2.8.1=pypi_0
python_abi=3.8=1_cp38
pytorch=1.6.0=py3.8_cuda10.1.243_cudnn7.6.3_0
pytorch3d=0.2.5=pypi_0
pyyaml=5.3.1=pypi_0
readline=8.0=h7b6447c_0
scipy=1.5.2=pypi_0
setuptools=49.6.0=py38_1
six=1.15.0=py_0
sqlite=3.33.0=h62c20be_0
tabulate=0.8.7=pypi_0
termcolor=1.1.0=pypi_0
tk=8.6.10=hbc83047_0
torchgeometry=0.1.2=pypi_0
torchvision=0.7.0=py38_cu101
tqdm=4.50.0=pypi_0
trimesh=3.8.10=pypi_0
wheel=0.35.1=py_0
x264=1!152.20180806=h14c3975_0
xz=5.2.5=h7b6447c_0
yacs=0.1.8=pypi_0
zlib=1.2.11=h7b6447c_3
zstd=1.4.5=h9ceee32_0
